#include <iostream>
#include <iomanip>
using namespace std;

int m, n, ans[19][19]= {{2,3,4,6,9,13,19,28,41,60,88,129,189,277,406,595,872,1278,1873}, {3,0,4,0,6,0,10,0,16,0,26,0,42,0,68,0,110,0,178}, {4,4,2,3,3,3,5,5,6,8,8,11,13,14,19,21,25,32,35}, {6,0,3,0,2,0,2,0,4,0,4,0,6,0,8,0,10,0,14}, {9,6,3,2,2,2,1,1,2,3,4,3,3,3,4,6,6,7,6}, {13,0,3,0,2,0,2,0,0,0,2,0,4,0,2,0,2,0,6}, {19,10,5,2,1,2,2,2,1,0,0,1,2,3,4,3,2,1,1}, {28,0,5,0,1,0,2,0,2,0,0,0,0,0,2,0,4,0,2}, {41,16,6,4,2,0,1,2,2,2,1,0,0,0,0,1,2,3,4}, {60,0,8,0,3,0,0,0,2,0,2,0,0,0,0,0,0,0,2}, {88,26,8,4,4,2,0,0,1,2,2,2,1,0,0,0,0,0,0}, {129,0,11,0,3,0,1,0,0,0,2,0,2,0,0,0,0,0,0}, {189,42,13,6,3,4,2,0,0,0,1,2,2,2,1,0,0,0,0}, {277,0,14,0,3,0,3,0,0,0,0,0,2,0,2,0,0,0,0}, {406,68,19,8,4,2,4,2,0,0,0,0,1,2,2,2,1,0,0}, {595,0,21,0,6,0,3,0,1,0,0,0,0,0,2,0,2,0,0}, {872,110,25,10,6,2,2,4,2,0,0,0,0,0,1,2,2,2,1}, {1278,0,32,0,7,0,1,0,3,0,0,0,0,0,0,0,2,0,2}, {1873,178,35,14,6,6,1,2,4,2,0,0,0,0,0,0,1,2,2}};

int main(){
    cin >> m >> n;
    while(m + n > 0){
        if(m >= 2 && n >= 2){
            cout << ans[m-2][n-2] << endl;
        }else{
            if(m > n) m = n;
            cout << 1-m%2 << endl;
        }
        cin >> m >> n;
    }
    return 0;
}